222 222 222 222 222 222 222 222 222 222 222 222 222 222 222 222
222 222 222 222 222 222 222 222 222 222 222 222 222 222 222 222
222 222 222 222 222 222   1   1   1   1 222 222 222 222 222 222
222 222 222 222   1   1 222 222 222 222   1   1 222 222 222 222
222 222 222   1 222 222 222 222 222 222 222 222   1 222 222 222
222 222 222   1 222 222 222 222 222 222 222 222   1 222 222 222
222 222   1 222 222 222 222 222 222 222 222 222 222   1 222 222
222 222   1 222 222 222 222   1   1 222 222 222 222   1 222 222
222 222   1 222 222 222 222   1   1 222 222 222 222   1 222 222
222 222   1 222 222 222 222 222 222 222 222 222 222   1 222 222
222 222 222   1 222 222 222 222 222 222 222 222   1 222 222 222
222 222 222   1 222 222 222 222 222 222 222 222   1 222 222 222
222 222 222 222   1   1 222 222 222 222   1   1 222 222 222 222
222 222 222 222 222 222   1   1   1   1 222 222 222 222 222 222
222 222 222 222 222 222 222 222 222 222 222 222 222 222 222 222
222 222 222 222 222 222 222 222 222 222 222 222 222 222 222 222
222 222 222 222 222 222 222 222 222 222 222 222 222 222 222 222
222 222 222 222 222 222 222 222 222 222 222 222 222 222 222 222
222 222 222 222 222 222   1   1   1   1 222 222 222 222 222 222
222 222 222 222   1   1 222 222 222 222   1   1 222 222 222 222
222 222 222   1 222 222 222 222 222 222 222 222   1 222 222 222
222 222 222   1 222 222 222 222 222 222 222 222   1 222 222 222
222 222   1 222 222 222 222 222 222 222 222 222 222   1 222 222
222 222   1 222 222 222 222   1   1 222 222 222 222   1 222 222
222 222   1 222 222 222 222   1   1 222 222 222 222   1 222 222
222 222   1 222 222 222 222 222 222 222 222 222 222   1 222 222
222 222 222   1 222 222 222 222 222 222 222 222   1 222 222 222
222 222 222   1 222 222 222 222 222 222 222 222   1 222 222 222
222 222 222 222   1   1 222 222 222 222   1   1 222 222 222 222
222 222 222 222 222 222   1   1   1   1 222 222 222 222 222 222
222 222 222 222 222 222 222 222 222 222 222 222 222 222 222 222
222 222 222 222 222 222 222 222 222 222 222 222 222 222 222 222
222 222 222 222 222 222 222 222 222 222 222 222 222 222 222 222
222 222 222 222 222 222 222 222 222 222 222 222 222 222 222 222
222 222 222 222 222 222   1   1   1   1 222 222 222 222 222 222
222 222 222 222   1   1 222 222 222 222   1   1 222 222 222 222
222 222 222   1 222 222 222 222 222 222 222 222   1 222 222 222
222 222 222   1 222 222 222 222 222 222 222 222   1 222 222 222
222 222   1 222 222 222 222 222 222 222 222 222 222   1 222 222
222 222   1 222 222 222 222   1   1 222 222 222 222   1 222 222
222 222   1 222 222 222 222   1   1 222 222 222 222   1 222 222
222 222   1 222 222 222 222 222 222 222 222 222 222   1 222 222
222 222 222   1 222 222 222 222 222 222 222 222   1 222 222 222
222 222 222   1 222 222 222 222 222 222 222 222   1 222 222 222
222 222 222 222   1   1 222 222 222 222   1   1 222 222 222 222
222 222 222 222 222 222   1   1   1   1 222 222 222 222 222 222
222 222 222 222 222 222 222 222 222 222 222 222 222 222 222 222
222 222 222 222 222 222 222 222 222 222 222 222 222 222 222 222

222 222 222 222 222 222 222 222 222 222 222 222 222 222 222 222
222 222 222 222 222 222 222 222 222 222 222 222 222 222 222 222
222 222 222 222 222 222   1   1   1   1 222 222 222 222 222 222
222 222 222 222   1   1 222 222 222 222   1   1 222 222 222 222
222 222 222   1 222 222 222 222 222 222 222 222   1 222 222 222
222 222 222   1 222 222 222 222 222 222 222 222   1 222 222 222
222 222   1 222 222 222 222 222 222 222 222 222 222   1 222 222
222 222   1 222 222 222 222   1   1 222 222 222 222   1 222 222
222 222   1 222 222 222 222   1   1 222 222 222 222   1 222 222
222 222   1 222 222 222 222 222 222 222 222 222 222   1 222 222
222 222 222   1 222 222 222 222 222 222 222 222   1 222 222 222
222 222 222   1 222 222 222 222 222 222 222 222   1 222 222 222
222 222 222 222   1   1 222 222 222 222   1   1 222 222 222 222
222 222 222 222 222 222   1   1   1   1 222 222 222 222 222 222
222 222 222 222 222 222 222 222 222 222 222 222 222 222 222 222
222 222 222 222 222 222 222 222 222 222 222 222 222 222 222 222
222 222 222 222 222 222 222 222 222 222 222 222 222 222 222 222
222 222 222 222 222 222 222 222 222 222 222 222 222 222 222 222
222 222 222 222 222 222   1   1   1   1 222 222 222 222 222 222
222 222 222 222   1   1 222 222 222 222   1   1 222 222 222 222
222 222 222   1 222 222 222 222 222 222 222 222   1 222 222 222
222 222 222   1 222 222 222 222 222 222 222 222   1 222 222 222
222 222   1 222 222 222 222 222 222 222 222 222 222   1 222 222
222 222   1 222 222 222 222   1   1 222 222 222 222   1 222 222
222 222   1 222 222 222 222   1   1 222 222 222 222   1 222 222
222 222   1 222 222 222 222 222 222 222 222 222 222   1 222 222
222 222 222   1 222 222 222 222 222 222 222 222   1 222 222 222
222 222 222   1 222 222 222 222 222 222 222 222   1 222 222 222
222 222 222 222   1   1 222 222 222 222   1   1 222 222 222 222
222 222 222 222 222 222   1   1   1   1 222 222 222 222 222 222
222 222 222 222 222 222 222 222 222 222 222 222 222 222 222 222
222 222 222 222 222 222 222 222 222 222 222 222 222 222 222 222
222 222 222 222 222 222 222 222 222 222 222 222 222 222 222 222
222 222 222 222 222 222 222 222 222 222 222 222 222 222 222 222
222 222 222 222 222 222   1   1   1   1 222 222 222 222 222 222
222 222 222 222   1   1 222 222 222 222   1   1 222 222 222 222
222 222 222   1 222 222 222 222 222 222 222 222   1 222 222 222
222 222 222   1 222 222 222 222 222 222 222 222   1 222 222 222
222 222   1 222 222 222 222 222 222 222 222 222 222   1 222 222
222 222   1 222 222 222 222   1   1 222 222 222 222   1 222 222
222 222   1 222 222 222 222   1   1 222 222 222 222   1 222 222
222 222   1 222 222 222 222 222 222 222 222 222 222   1 222 222
222 222 222   1 222 222 222 222 222 222 222 222   1 222 222 222
222 222 222   1 222 222 222 222 222 222 222 222   1 222 222 222
222 222 222 222   1   1 222 222 222 222   1   1 222 222 222 222
222 222 222 222 222 222   1   1   1   1 222 222 222 222 222 222
222 222 222 222 222 222 222 222 222 222 222 222 222 222 222 222
222 222 222 222 222 222 222 222 222 222 222 222 222 222 222 222

222 222 222 222 222 222 222 222 222 222 222 222 222 222 222 222
222 222 222 222 222 222 222 222 222 222 222 222 222 222 222 222
222 222 222 222 198 120  58  46  46  60 123 201 222 222 222 222
222 222 222 215  31  61 198 222 222 195  54  35 215 222 222 222
222 222 198  31 124 221 222 222 222 222 221 117  39 201 222 222
222 222 120  61 221 222 222 222 222 222 222 221  58 131 222 222
222 222  58 198 222 222 216 122 124 217 222 222 187  63 222 222
222 222  46 222 222 222 122   1   1 131 222 222 211  45 222 222
222 222  46 222 222 222 124   1   1 133 222 222 211  45 222 222
222 222  60 195 222 222 217 131 133 217 222 222 183  65 222 222
222 222 123  54 221 222 222 222 222 222 222 221  52 135 222 222
222 222 201  35 117 221 222 222 222 222 221 110  44 204 222 222
222 222 222 215  39  58 187 211 211 183  52  44 215 222 222 222
222 222 222 222 201 131  63  45  45  65 135 204 222 222 222 222
222 222 222 222 222 222 222 222 222 222 222 222 222 222 222 222
222 222 222 222 222 222 222 222 222 222 222 222 222 222 222 222
222 222 222 222 222 222 222 222 222 222 222 222 222 222 222 222
222 222 222 222 222 222 222 222 222 222 222 222 222 222 222 222
222 222 222 222 198 120  58  46  46  60 123 201 222 222 222 222
222 222 222 215  31  61 198 222 222 195  54  35 215 222 222 222
222 222 198  31 124 221 222 222 222 222 221 117  39 201 222 222
222 222 120  61 221 222 222 222 222 222 222 221  58 131 222 222
222 222  58 198 222 222 216 122 124 217 222 222 187  63 222 222
222 222  46 222 222 222 122   1   1 131 222 222 211  45 222 222
222 222  46 222 222 222 124   1   1 133 222 222 211  45 222 222
222 222  60 195 222 222 217 131 133 217 222 222 183  65 222 222
222 222 123  54 221 222 222 222 222 222 222 221  52 135 222 222
222 222 201  35 117 221 222 222 222 222 221 110  44 204 222 222
222 222 222 215  39  58 187 211 211 183  52  44 215 222 222 222
222 222 222 222 201 131  63  45  45  65 135 204 222 222 222 222
222 222 222 222 222 222 222 222 222 222 222 222 222 222 222 222
222 222 222 222 222 222 222 222 222 222 222 222 222 222 222 222
222 222 222 222 222 222 222 222 222 222 222 222 222 222 222 222
222 222 222 222 222 222 222 222 222 222 222 222 222 222 222 222
222 222 222 222 198 120  58  46  46  60 123 201 222 222 222 222
222 222 222 215  31  61 198 222 222 195  54  35 215 222 222 222
222 222 198  31 124 221 222 222 222 222 221 117  39 201 222 222
222 222 120  61 221 222 222 222 222 222 222 221  58 131 222 222
222 222  58 198 222 222 216 122 124 217 222 222 187  63 222 222
222 222  46 222 222 222 122   1   1 131 222 222 211  45 222 222
222 222  46 222 222 222 124   1   1 133 222 222 211  45 222 222
222 222  60 195 222 222 217 131 133 217 222 222 183  65 222 222
222 222 123  54 221 222 222 222 222 222 222 221  52 135 222 222
222 222 201  35 117 221 222 222 222 222 221 110  44 204 222 222
222 222 222 215  39  58 187 211 211 183  52  44 215 222 222 222
222 222 222 222 201 131  63  45  45  65 135 204 222 222 222 222
222 222 222 222 222 222 222 222 222 222 222 222 222 222 222 222
222 222 222 222 222 222 222 222 222 222 222 222 222 222 222 222

222 222 222 222 222 222 222 222 222 222 222 222 222 222 222 222
222 222 222 222 222 222 222 222 222 222 222 222 222 222 222 222
222 222 222 222 201 128  62  46  46  62 128 201 222 222 222 222
222 222 222 215  38  57 191 217 217 191  57  38 215 222 222 222
222 222 201  38 118 221 222 222 222 222 221 118  38 201 222 222
222 222 128  57 221 222 222 222 222 222 222 221  57 128 222 222
222 222  62 191 222 222 217 128 128 217 222 222 191  62 222 222
222 222  46 217 222 222 128   1   1 128 222 222 217  46 222 222
222 222  46 217 222 222 128   1   1 128 222 222 217  46 222 222
222 222  62 191 222 222 217 128 128 217 222 222 191  62 222 222
222 222 128  57 221 222 222 222 222 222 222 221  57 128 222 222
222 222 201  38 118 221 222 222 222 222 221 118  38 201 222 222
222 222 222 215  38  57 191 217 217 191  57  38 215 222 222 222
222 222 222 222 201 128  62  46  46  62 128 201 222 222 222 222
222 222 222 222 222 222 222 222 222 222 222 222 222 222 222 222
222 222 222 222 222 222 222 222 222 222 222 222 222 222 222 222
222 222 222 222 222 222 222 222 222 222 222 222 222 222 222 222
222 222 222 222 222 222 222 222 222 222 222 222 222 222 222 222
222 222 222 222 201 128  62  46  46  62 128 201 222 222 222 222
222 222 222 215  38  57 191 217 217 191  57  38 215 222 222 222
222 222 201  38 118 221 222 222 222 222 221 118  38 201 222 222
222 222 128  57 221 222 222 222 222 222 222 221  57 128 222 222
222 222  62 191 222 222 217 128 128 217 222 222 191  62 222 222
222 222  46 217 222 222 128   1   1 128 222 222 217  46 222 222
222 222  46 217 222 222 128   1   1 128 222 222 217  46 222 222
222 222  62 191 222 222 217 128 128 217 222 222 191  62 222 222
222 222 128  57 221 222 222 222 222 222 222 221  57 128 222 222
222 222 201  38 118 221 222 222 222 222 221 118  38 201 222 222
222 222 222 215  38  57 191 217 217 191  57  38 215 222 222 222
222 222 222 222 201 128  62  46  46  62 128 201 222 222 222 222
222 222 222 222 222 222 222 222 222 222 222 222 222 222 222 222
222 222 222 222 222 222 222 222 222 222 222 222 222 222 222 222
222 222 222 222 222 222 222 222 222 222 222 222 222 222 222 222
222 222 222 222 222 222 222 222 222 222 222 222 222 222 222 222
222 222 222 222 201 128  62  46  46  62 128 201 222 222 222 222
222 222 222 215  38  57 191 217 217 191  57  38 215 222 222 222
222 222 201  38 118 221 222 222 222 222 221 118  38 201 222 222
222 222 128  57 221 222 222 222 222 222 222 221  57 128 222 222
222 222  62 191 222 222 217 128 128 217 222 222 191  62 222 222
222 222  46 217 222 222 128   1   1 128 222 222 217  46 222 222
222 222  46 217 222 222 128   1   1 128 222 222 217  46 222 222
222 222  62 191 222 222 217 128 128 217 222 222 191  62 222 222
222 222 128  57 221 222 222 222 222 222 222 221  57 128 222 222
222 222 201  38 118 221 222 222 222 222 221 118  38 201 222 222
222 222 222 215  38  57 191 217 217 191  57  38 215 222 222 222
222 222 222 222 201 128  62  46  46  62 128 201 222 222 222 222
222 222 222 222 222 222 222 222 222 222 222 222 222 222 222 222
222 222 222 222 222 222 222 222 222 222 222 222 222 222 222 222
